Num_0dim,Max_0dim,Max_0dim_Minus_Second,Mean_0dim,betti_curve_0,persistence_entropy_0,Num_1dim,Max_1dim,Max_1dim_Minus_Second,Mean_1dim,betti_curve_1,persistence_entropy_1
10,5.975994110107422,5.218286573886871,1.0589982360601424,10,-23.32540000876037,0,0.0,0.0,0.0,1,-0.0
12,4.347305774688721,3.8961461186408997,0.9296510911413601,14,-23.388524382718636,4,0.5572621822357178,0.0014793872833251953,3.4436033368110657,2,0.652296463645709
10,5.546260356903076,4.3648704290390015,1.224247270822525,10,-28.528379921972878,2,0.029636859893798828,0.029636859893798828,4.098440408706665,1,0.10428429835082417
11,5.432339668273926,4.296012997627258,1.2223592806946149,11,-31.25366318915522,2,1.5036606788635254,1.5036606788635254,6.395122289657593,1,-0.6133470819042115
14,5.454112529754639,4.921309113502502,0.7687552481889725,15,-19.359563022216815,0,0.0,0.0,0.0,1,-0.0
11,4.396887302398682,2.722019076347351,1.2254984947768124,11,-28.589059930619776,4,0.3674657344818115,0.0,4.339972198009491,2,0.7200546111126674
11,7.5843682289123535,6.591077744960785,1.2171893959695643,11,-32.825463958650516,2,0.37589216232299805,0.37589216232299805,3.578120470046997,1,0.36779280593037367
13,5.12350606918335,4.080765008926392,1.0842989729000971,13,-28.01115904711095,4,0.2759075164794922,0.22253727912902832,3.2059674859046936,2,0.5116848163213041
10,6.3807148933410645,5.314794540405273,1.241430401802063,10,-29.22266433488992,0,0.0,0.0,0.0,1,-0.0
12,6.1681928634643555,4.880633234977722,1.0316750730077426,12,-23.822813431043635,0,0.0,0.0,0.0,1,-0.0
9,6.531841278076172,6.183411955833435,0.9127988132337729,12,-22.766171915376695,0,0.0,0.0,0.0,1,-0.0
11,4.869077205657959,4.336973607540131,0.9591730013489723,12,-21.98122157338964,2,0.4197580814361572,0.4197580814361572,2.727239489555359,1,0.36438222272284093
12,5.5975341796875,4.572197914123535,1.0814197634657223,12,-25.963986964005336,4,0.4045083522796631,0.3989424705505371,2.978345036506653,2,0.395006637938822
10,4.936618804931641,4.115896105766296,1.040221929550171,10,-21.662140196514244,0,0.0,0.0,0.0,1,-0.0
12,4.777925968170166,4.134708881378174,0.9309738484712747,13,-22.271694383554056,4,1.1747455596923828,0.9438199996948242,4.301728010177612,2,0.1492636988375195
11,6.534869194030762,5.544618129730225,1.0469303155938785,12,-25.482364225108547,2,0.25731396675109863,0.25731396675109863,2.7284516096115112,1,0.3492929744192504
11,5.47495174407959,4.406057953834534,1.131165853955529,11,-27.052428684210227,2,0.45162320137023926,0.45162320137023926,2.9066916704177856,1,0.35899847659173595
11,5.624326229095459,4.303192734718323,1.2182664383541455,11,-29.661732889056143,2,0.03929281234741211,0.03929281234741211,6.429779291152954,1,0.12717958270877436
12,3.9926304817199707,2.4033868312835693,1.1294913192590077,12,-26.88647579523763,4,1.2296013832092285,0.0,4.511455178260803,2,-0.002521676935161199
12,5.8433003425598145,4.742619633674622,1.1264538367589314,12,-28.35857576297947,0,0.0,0.0,0.0,1,-0.0
11,5.336719989776611,4.452167570590973,0.975279393295447,12,-22.54452381425407,2,0.09979867935180664,0.09979867935180664,5.062861680984497,1,0.2299960691380099
10,7.241474151611328,5.864562034606934,1.2269834458827973,10,-29.613427197885173,0,0.0,0.0,0.0,1,-0.0
12,5.038424491882324,4.611414909362793,0.8483290778739112,14,-19.964802258206433,4,0.7385969161987305,0.5185492038726807,3.9912137389183044,2,0.5569296718118982
11,4.851644039154053,3.1856528520584106,1.2281288775530728,11,-28.93222432871754,2,0.03762507438659668,0.03762507438659668,2.7746020555496216,1,0.12341342617403578
14,5.264181137084961,4.590745210647583,0.9650617795331138,14,-25.294643911415143,4,0.3959383964538574,0.0,4.6450793743133545,2,0.6872270299557299
12,6.074213027954102,5.476691484451294,0.8390695303678513,13,-20.751767211373675,2,0.5655864477157593,0.5655864477157593,1.7891348004341125,1,0.3223232627910455
10,5.771559238433838,4.684030055999756,1.1008194116028873,11,-26.37842521453447,0,0.0,0.0,0.0,1,-0.0
12,4.63212776184082,4.0599600076675415,0.8620683229886569,13,-19.504547894158097,0,0.0,0.0,0.0,1,-0.0
10,4.6848344802856445,3.594949245452881,1.1000442518429323,11,-24.67563177344197,4,0.11727285385131836,0.06807947158813477,4.161741137504578,2,0.39951555447306486
12,4.2705535888671875,2.8808655738830566,1.1904234339793522,12,-30.256113589178568,4,0.12232136726379395,0.0,4.01480358839035,2,0.41573460134649687
12,4.963302135467529,3.8485519886016846,1.1519232491652172,12,-30.13793325231009,4,0.2956266403198242,0.27895307540893555,3.9665075540542603,2,0.4285281816496487
12,7.610532283782959,6.5387122631073,0.9873466442028681,12,-24.668158662676696,2,0.1590285301208496,0.1590285301208496,1.9344594478607178,1,0.2924012510682438
10,6.472988605499268,5.80849826335907,1.0819053372198886,11,-27.0350389617418,0,0.0,0.0,0.0,1,-0.0
13,6.091919422149658,5.28666877746582,0.9997431750480945,13,-25.54225756821826,0,0.0,0.0,0.0,1,-0.0
10,5.42366886138916,3.84830105304718,1.1138119873675434,11,-26.024351981767577,4,0.2784085273742676,0.09539437294006348,4.239727079868317,2,0.666784573343551
10,7.9922990798950195,7.348466634750366,1.1123333830725064,11,-33.97174615688233,0,0.0,0.0,0.0,1,-0.0
13,5.485791206359863,4.673483669757843,0.9516171744236579,13,-24.009266709105596,0,0.0,0.0,0.0,1,-0.0
11,4.42667293548584,3.26615309715271,1.0462755100293593,11,-22.106364193636406,2,0.016848087310791016,0.016848087310791016,2.5507102012634277,1,0.0687994700804873
13,3.175452947616577,2.1750826835632324,0.8428130654188303,13,-14.854667234271464,2,0.18364524841308594,0.18364524841308594,3.717268466949463,1,0.311232670807885
12,5.375460624694824,4.228463768959045,0.951720063885053,12,-21.298987420458634,4,0.11244404315948486,0.0,3.569155365228653,2,0.4840912108353963
10,4.597485542297363,4.112515062093735,0.9781574532389641,12,-22.236022106506695,0,0.0,0.0,0.0,1,-0.0
11,7.085194110870361,6.687969624996185,0.7805414354571929,13,-19.000198716431477,0,0.0,0.0,0.0,1,-0.0
10,4.895509243011475,4.229682147502899,1.1610333635048433,11,-28.425455018301818,0,0.0,0.0,0.0,1,-0.0
12,4.580840587615967,3.692642092704773,1.0702160845200221,12,-25.51413372829205,0,0.0,0.0,0.0,1,-0.0
12,4.165112495422363,2.6526464223861694,1.1775127947330475,12,-28.735960196985637,4,1.1589512825012207,0.6014442443847656,4.711710453033447,2,0.15477698440325505
11,5.779189109802246,4.680129408836365,1.2299263639883562,11,-31.786026245203203,4,0.12373757362365723,0.0,4.309033811092377,2,0.5040722025579586
12,5.750233173370361,5.150384902954102,0.98095575433511,13,-25.911848225938034,0,0.0,0.0,0.0,1,-0.0
10,6.250808238983154,5.760210156440735,1.0472640171647072,12,-28.16462361035802,2,0.3125319480895996,0.3125319480895996,7.1123950481414795,1,0.3634898386879321
12,3.7837038040161133,2.4536290168762207,1.0282767017682393,12,-21.72628283971972,0,0.0,0.0,0.0,1,-0.0
10,5.386162757873535,3.5628206729888916,1.3229898512363434,10,-31.256019527080625,2,0.767575740814209,0.767575740814209,6.0032970905303955,1,0.20303769127272045
11,5.262940883636475,3.7365742921829224,1.1892367547208613,11,-27.997984788474948,2,0.27448225021362305,0.27448225021362305,5.514433145523071,1,0.35486950506728215
12,3.998948335647583,3.043629825115204,1.052347754438718,12,-23.359567076601145,2,0.04952287673950195,0.04952287673950195,3.2281124591827393,1,0.14883211954642275
10,4.557117938995361,3.534334897994995,1.0391250401735306,11,-23.600394142607602,0,0.0,0.0,0.0,1,-0.0
12,6.572868824005127,5.69037538766861,1.1350252454479535,12,-31.124112705344974,0,0.0,0.0,0.0,1,-0.0
12,5.394522190093994,4.684224724769592,1.126099593937397,12,-30.509749147716,0,0.0,0.0,0.0,1,-0.0
8,6.651998043060303,6.372401177883148,1.025812365487218,10,-24.64153525484324,0,0.0,0.0,0.0,1,-0.0
8,4.565392017364502,4.162585467100143,0.9790996372699737,10,-19.240012705060394,0,0.0,0.0,0.0,1,-0.0
11,5.730446815490723,4.21957528591156,1.062634828415784,11,-23.352021547246792,2,0.03175210952758789,0.03175210952758789,6.336872816085815,1,0.10953830396074368
13,5.492424011230469,4.657496273517609,0.9135988262983469,13,-20.51896832752816,2,0.4159369468688965,0.4159369468688965,4.619976282119751,1,0.3648688740293858
11,6.6630449295043945,5.7327035665512085,1.00332140053312,12,-25.569688597942395,2,0.12487626075744629,0.12487626075744629,3.1091848611831665,1,0.25979656206541113
11,5.036923885345459,3.598748803138733,1.0778976028615779,11,-22.629037603145484,2,0.5453579425811768,0.5453579425811768,2.8757346868515015,1,0.3306575689783203
15,5.311771392822266,4.661457419395447,0.7759467414580286,16,-17.935823579537406,6,0.22146153450012207,0.08459711074829102,3.349315325419108,3,0.7361114987191363
13,4.291187286376953,3.6799756288528442,0.8240385156657014,14,-18.201405250471886,2,0.1070244312286377,0.1070244312286377,2.6777127981185913,1,0.23916729744501183
11,6.942217826843262,6.334237515926361,1.0757047049701214,12,-28.455777372246082,6,0.5051858425140381,0.21916413307189941,4.985266089439392,3,0.7916357771094593
12,4.843358516693115,4.566785782575607,0.6899605259299278,15,-13.965777298931812,0,0.0,0.0,0.0,1,-0.0
12,5.462059020996094,4.826115906238556,0.779836702805299,13,-15.298485252314114,2,0.16046929359436035,0.16046929359436035,1.1734116077423096,1,0.29360307168035976
12,3.7787797451019287,2.7779680490493774,0.9775357022881508,12,-20.442997476665827,0,0.0,0.0,0.0,1,-0.0
10,4.176604747772217,3.1111494302749634,1.1452814400196076,10,-23.649968234708698,0,0.0,0.0,0.0,1,-0.0
12,4.6938605308532715,3.3385215997695923,1.0851945827404659,12,-25.176122302560337,2,0.22503185272216797,0.22503185272216797,2.3594748973846436,1,0.33563800546662764
12,5.395230770111084,4.6333776116371155,0.9039326705611669,13,-22.177655391149656,2,0.12010431289672852,0.12010431289672852,5.543976545333862,1,0.2545484368534509
10,6.032259941101074,5.30638325214386,0.9308740036054091,11,-21.948690948191278,0,0.0,0.0,0.0,1,-0.0
11,5.317458152770996,3.704731822013855,1.1995362639427185,11,-28.28619270161046,2,0.29067182540893555,0.29067182540893555,5.129437685012817,1,0.35914259558861106
13,3.522686243057251,2.584108352661133,0.9136252196935507,13,-18.999737021900778,2,0.1347341537475586,0.1347341537475586,3.756103277206421,1,0.27006809986078917
13,5.587428569793701,4.555590748786926,1.0002579070054567,13,-24.1158993227582,0,0.0,0.0,0.0,1,-0.0
12,6.0699615478515625,4.733165383338928,1.156446784734726,12,-29.22312510558979,0,0.0,0.0,0.0,1,-0.0
13,6.843976020812988,5.957991778850555,1.0226468673119178,13,-27.07815377279205,2,0.027950525283813477,0.027950525283813477,3.632700800895691,1,0.09998795304773872
13,4.955730438232422,4.23929888010025,0.9221277924684378,13,-21.517064385680932,0,0.0,0.0,0.0,1,-0.0
11,6.809112548828125,5.747687339782715,1.0243362865664742,11,-23.340917547605702,2,0.04779219627380371,0.04779219627380371,3.6426912546157837,1,0.1453309507349782
10,5.7597174644470215,4.842998445034027,1.141340309381485,10,-26.098857679649495,0,0.0,0.0,0.0,1,-0.0
11,3.9196300506591797,2.3308308124542236,1.1477526155385105,11,-25.23589787312486,0,0.0,0.0,0.0,1,-0.0
11,5.97050666809082,4.861629843711853,1.1079965084791183,12,-29.577061991868774,2,1.259786605834961,1.259786605834961,2.9247567653656006,1,-0.29093807452738835
11,4.9236531257629395,3.5398954153060913,1.1180328167974949,12,-27.91194341934647,0,0.0,0.0,0.0,1,-0.0
11,3.8401992321014404,3.610251620411873,0.7735977609242711,14,-17.412411400675776,2,0.33036088943481445,0.33036088943481445,3.136026382446289,1,0.36589768392204947
11,4.740601062774658,4.12393581867218,0.9732172153890133,12,-23.11019555766755,0,0.0,0.0,0.0,1,-0.0
10,5.841637134552002,5.012345373630524,1.1475401282310487,10,-26.38844062135616,0,0.0,0.0,0.0,1,-0.0
9,4.341297626495361,4.087125182151794,0.9029944017529488,11,-18.856810807209396,0,0.0,0.0,0.0,1,-0.0
13,4.926264762878418,3.821227550506592,1.000063969538762,13,-23.677104179638846,2,0.23042011260986328,0.23042011260986328,5.224664688110352,1,0.3382224063606005
10,5.24930477142334,3.7199840545654297,1.162280011177063,10,-24.512113981037608,0,0.0,0.0,0.0,1,-0.0
13,4.45902156829834,3.3425389528274536,0.9088792869677911,13,-19.254272613565323,2,0.19226014614105225,0.19226014614105225,1.748907744884491,1,0.3170188884806332
11,5.763957977294922,4.920878529548645,1.1187618645754727,11,-27.220819385110005,2,0.340364933013916,0.340364933013916,6.334241151809692,1,0.3668238492365258
11,5.020031929016113,3.8571956157684326,1.139126508186261,12,-29.27497374450502,2,0.6177821159362793,0.6177821159362793,5.245293378829956,1,0.2975358808815537
10,6.926970958709717,5.906975150108337,1.0637635304169222,11,-27.01314053129287,2,0.5486993789672852,0.5486993789672852,2.260226011276245,1,0.3293318729254664
10,5.016592502593994,4.27402663230896,1.0242446850646625,11,-23.285743105934962,2,0.1803877353668213,0.1803877353668213,3.3641353845596313,1,0.3089404522792571
11,3.6363532543182373,3.343965709209442,0.7540093173405954,14,-16.019250528396014,0,0.0,0.0,0.0,1,-0.0
11,4.937783718109131,3.399135947227478,1.1044698032465847,11,-23.346515223246996,0,0.0,0.0,0.0,1,-0.0
12,3.9659934043884277,2.708909511566162,1.0267544812881029,13,-23.98890154091119,4,0.7740044593811035,0.0,4.511878609657288,2,0.5393275920041112
12,4.067440032958984,2.96430242061615,1.0145297075311344,12,-22.454160188359165,2,0.41744184494018555,0.41744184494018555,4.323789358139038,1,0.36468138590007887
10,7.096053123474121,6.2575013637542725,1.2591333023526452,11,-35.738854965303624,2,0.007964372634887695,0.007964372634887695,1.576130986213684,1,0.03849003761728462
11,6.875000476837158,6.271263778209686,0.9037748463451862,12,-23.12573141612058,0,0.0,0.0,0.0,1,-0.0
13,4.269712924957275,3.0837432146072388,1.0901462848369892,13,-26.94161747539967,2,0.3589627742767334,0.3589627742767334,3.163584589958191,1,0.36777049612518803
9,6.045649528503418,5.826256036758423,0.7238662487694195,14,-21.239479891059162,0,0.0,0.0,0.0,1,-0.0
9,4.2220988273620605,3.2358282804489136,1.16497333496809,10,-25.389919833155233,0,0.0,0.0,0.0,1,-0.0
12,6.1213908195495605,4.757234573364258,1.0645243128140767,12,-24.76411778324749,2,0.5730648040771484,0.5730648040771484,7.140371799468994,1,0.3190575387557384
9,7.490119457244873,6.11536705493927,1.2343755800276994,10,-32.413600986405115,0,0.0,0.0,0.0,1,-0.0
10,5.264029026031494,3.997951030731201,1.147975049235604,11,-28.313548262438417,0,0.0,0.0,0.0,1,-0.0
12,4.693838596343994,3.5285940170288086,1.0165373384952545,13,-25.498152869364894,4,1.2193164825439453,1.0882747173309326,4.377226650714874,2,0.024529406663699876
9,6.249989986419678,5.860654026269913,0.942903988740661,11,-22.043038157434623,0,0.0,0.0,0.0,1,-0.0
12,4.318933963775635,3.3004376888275146,1.0450082297126453,12,-23.84692670432046,2,0.18943452835083008,0.18943452835083008,2.066720485687256,1,0.3151644621259953
11,5.8558669090271,5.09566730260849,0.9139642976224422,12,-19.746788730298398,0,0.0,0.0,0.0,1,-0.0
9,8.134378433227539,7.591523051261902,1.2577564023435115,10,-34.11816761357231,0,0.0,0.0,0.0,1,-0.0
12,4.727826118469238,4.261211812496185,0.8220277833087104,14,-19.220779521983285,4,0.31626415252685547,0.09568428993225098,2.7247243523597717,2,0.6974816338318528
12,6.1565399169921875,5.345601499080658,1.1297333190838497,12,-30.46953137467776,2,0.2880234718322754,0.2880234718322754,5.833464860916138,1,0.3585066467937191
11,5.943121433258057,5.242794990539551,0.8461437767202203,11,-16.71574811526979,0,0.0,0.0,0.0,1,-0.0
12,5.9410624504089355,5.360423386096954,0.9024010126789411,12,-21.825125382937102,2,0.4545912742614746,0.4545912742614746,2.27626895904541,1,0.3583800140234987
10,3.8530938625335693,2.0113728046417236,1.2840306401252746,10,-28.011997150108208,2,1.4882397651672363,1.4882397651672363,4.851857900619507,1,-0.591715284537063
12,4.795097351074219,4.512652695178986,0.8511388402964387,14,-21.42274364899911,0,0.0,0.0,0.0,1,-0.0
12,5.167198657989502,4.457159876823425,0.9711637794971466,12,-21.759863856438777,0,0.0,0.0,0.0,1,-0.0
11,5.8471879959106445,4.794307708740234,1.1441085988825017,11,-28.268696317496882,4,0.32562255859375,0.0,6.451884627342224,2,0.6288022027335978
11,4.628788948059082,3.693017065525055,0.9826427887786519,11,-19.89416747086983,0,0.0,0.0,0.0,1,-0.0
8,8.179466247558594,7.715230166912079,1.1155666946433485,10,-31.133815677694002,0,0.0,0.0,0.0,1,-0.0
11,7.64452600479126,7.08585923910141,0.9553549885749817,12,-26.97074487956195,0,0.0,0.0,0.0,1,-0.0
11,6.054123878479004,4.569898009300232,1.221617113460194,11,-29.39589578948364,2,0.13525760173797607,0.13525760173797607,1.85988050699234,1,0.2705928625760056
11,6.720895290374756,5.537251949310303,0.9789542369544506,12,-22.862397317258054,2,0.42439985275268555,0.42439985275268555,2.306466817855835,1,0.3637442943243626
11,5.073798179626465,3.484547734260559,1.269565755670721,11,-31.689192298399508,2,1.299759864807129,1.299759864807129,5.768515110015869,1,-0.3407704280017945
12,5.159567832946777,4.24807071685791,0.9368459490629343,13,-23.408077089245833,4,0.04861927032470703,0.02564525604248047,5.94185209274292,2,0.23370175518418942
11,7.237854957580566,6.580152690410614,1.1888133585453033,11,-31.959895547775034,2,0.6327691078186035,0.6327691078186035,7.671418905258179,1,0.2895865808466377
10,6.4847025871276855,5.775108993053436,1.259633469581604,10,-33.306740056479505,2,0.13142108917236328,0.13142108917236328,6.8007426261901855,1,0.2666992150273401
11,5.460480213165283,4.9527857303619385,1.118619614591201,12,-31.617263020205854,0,0.0,0.0,0.0,1,-0.0
10,3.939225435256958,2.5068435668945312,1.0605057716369628,10,-19.822985016847518,0,0.0,0.0,0.0,1,-0.0
11,5.807341575622559,4.619884252548218,1.1125239567323164,11,-25.548940195643613,2,0.09529399871826172,0.09529399871826172,1.8056273460388184,1,0.2240160307580364
8,5.99721622467041,5.598727256059647,0.936506350338459,10,-20.65951633783587,0,0.0,0.0,0.0,1,-0.0
11,6.17796516418457,5.243880987167358,1.0793964835730465,11,-26.242102894935154,0,0.0,0.0,0.0,1,-0.0
11,6.305612564086914,4.972134709358215,1.2109303393147208,11,-30.456336801072993,0,0.0,0.0,0.0,1,-0.0
11,5.34163236618042,4.335305452346802,1.0188055824149738,11,-21.47014117408271,2,0.32889723777770996,0.32889723777770996,3.446389079093933,1,0.3657369923466755
10,5.29371976852417,4.330621421337128,1.2551488518714904,10,-29.94592553338274,0,0.0,0.0,0.0,1,-0.0
11,5.471245288848877,4.484423816204071,1.097335398197174,11,-24.769497344313578,0,0.0,0.0,0.0,1,-0.0
9,5.712812423706055,5.327554553747177,0.8695800521157004,11,-17.58219381993815,0,0.0,0.0,0.0,1,-0.0
11,5.676116943359375,4.868275344371796,1.1706835573369807,11,-29.195107987888274,0,0.0,0.0,0.0,1,-0.0
12,4.853589057922363,3.7011345624923706,1.10949062059323,12,-26.839518056200387,2,0.6806766986846924,0.6806766986846924,4.060135245323181,1,0.26183442886589453
12,4.372283458709717,3.216881036758423,1.0371019765734673,12,-23.75505329319727,0,0.0,0.0,0.0,1,-0.0
11,5.944016933441162,5.214437305927277,1.1463832042434,11,-29.3356231563275,2,1.192460536956787,1.192460536956787,6.645521879196167,1,-0.20989553312237688
14,4.331133842468262,3.687368392944336,0.7750544120868047,15,-17.034523461428975,4,0.24805116653442383,0.07397973537445068,2.3770253360271454,2,0.6501404133103754
11,5.203629016876221,4.653418958187103,1.1504087423284848,12,-30.147124396908662,0,0.0,0.0,0.0,1,-0.0
11,6.420942783355713,5.486333668231964,0.9522206809682151,12,-24.85858204774764,0,0.0,0.0,0.0,1,-0.0
10,5.215058326721191,4.144480228424072,1.1110974252223969,10,-23.245004186527733,0,0.0,0.0,0.0,1,-0.0
13,4.466216564178467,3.75860995054245,0.9461249961302831,13,-22.272052825042763,2,0.5275392532348633,0.5275392532348633,6.261945724487305,1,0.33737823501629316
11,4.550781726837158,3.6977540850639343,1.014927414330569,11,-21.04009650702902,0,0.0,0.0,0.0,1,-0.0
11,4.680867671966553,3.9593981504440308,0.8410607296973467,12,-16.101097974927875,2,0.36443567276000977,0.36443567276000977,4.88225245475769,1,0.36786327175076794
11,4.5747971534729,2.970489263534546,1.099639361554926,11,-23.84196295585274,0,0.0,0.0,0.0,1,-0.0
10,4.494381904602051,3.7725968956947327,0.9733407169580459,10,-18.125689730148423,0,0.0,0.0,0.0,1,-0.0
12,5.977174282073975,5.416025459766388,0.9451797952254614,12,-22.311180471990685,0,0.0,0.0,0.0,1,-0.0
11,6.510477066040039,5.029805898666382,1.2416846589608626,11,-32.22195056958373,2,0.7241644859313965,0.7241644859313965,2.7509682178497314,1,0.23371447219669958
11,4.637416839599609,4.169364631175995,0.8611169183770051,13,-21.11460236071001,2,0.08095335960388184,0.08095335960388184,3.462734580039978,1,0.20350720134148
11,3.9057955741882324,3.0207241773605347,0.9411245913555225,12,-19.868773945510213,2,0.5617184638977051,0.5617184638977051,3.5409815311431885,1,0.32397365647555665
11,5.699611663818359,4.959645688533783,1.0742875213424365,12,-28.87047170063066,2,0.023440837860107422,0.023440837860107422,2.338193416595459,1,0.08797992398130586
12,5.610041618347168,4.651288270950317,1.0273360436161358,12,-23.88438042487383,2,0.173292875289917,0.173292875289917,3.995270848274231,1,0.3037429333185688
13,5.422050952911377,4.76325660943985,0.8866069689393044,14,-21.911729291001354,4,0.06453895568847656,0.0,4.1319650411605835,2,0.2458865226111434
12,4.642810344696045,4.138126730918884,0.9532061597475638,13,-23.448452406710434,2,0.9586806297302246,0.9586806297302246,5.288315534591675,1,0.04045371853334173
11,4.535843372344971,3.5069398880004883,0.9312350216011206,12,-19.31057386936969,2,0.26322269439697266,0.26322269439697266,2.939709424972534,1,0.35133777007055117
11,6.456594467163086,5.609001934528351,0.9700286258012056,12,-22.930723373854008,2,0.0115966796875,0.0115966796875,2.0781466960906982,1,0.051686824032016736
10,6.283138751983643,5.5952078104019165,1.1007826815951953,11,-29.45001376953467,0,0.0,0.0,0.0,1,-0.0
13,6.00189208984375,5.381842792034149,0.8450629647289004,14,-20.18358097119537,2,0.0419011116027832,0.0419011116027832,6.233222723007202,1,0.13292888484940857
15,4.832070350646973,4.132123291492462,0.8893653611342113,15,-21.626286584457645,6,0.8956985473632812,0.0,3.4053249756495156,3,0.7929249158786386
11,5.400874137878418,4.266886353492737,1.0477264794436367,11,-22.72288371028811,0,0.0,0.0,0.0,1,-0.0
14,4.729040622711182,3.9618335962295532,0.8260226888316018,14,-16.725661101304546,0,0.0,0.0,0.0,1,-0.0
13,5.285417556762695,4.5443344712257385,0.8216931894421577,14,-18.555427446722508,2,0.2649327516555786,0.2649327516555786,1.6592898964881897,1,0.3519046772418368
12,6.87114953994751,6.08942711353302,0.9086580574512482,13,-21.463030539564787,2,0.4541308879852295,0.4541308879852295,3.335077166557312,1,0.358477218551464
12,5.39154052734375,4.258487582206726,1.031649534900983,12,-23.815670452556024,2,0.39378786087036133,0.39378786087036133,7.011347532272339,1,0.36698781625221644
10,4.886724948883057,3.51956045627594,1.3048468500375747,10,-31.295397488383312,2,1.4613227844238281,1.4613227844238281,5.800074577331543,1,-0.5543411695494843
12,3.6247220039367676,2.0081366300582886,1.1468229095141094,12,-26.268094083905986,4,0.5414724349975586,0.2228403091430664,4.127780914306641,2,0.696598682815388
11,6.145836353302002,5.108776211738586,1.1073301695287228,12,-29.48315816613796,2,0.7436847686767578,0.7436847686767578,3.1857826709747314,1,0.22023334368677042
12,5.152752876281738,3.657378673553467,1.1170155281821887,12,-26.715058330143563,2,0.19895219802856445,0.19895219802856445,4.72066330909729,1,0.32124626261247097
11,5.917015075683594,4.4471518993377686,1.167354548519308,11,-27.562693298753906,4,0.5286462306976318,0.0,5.176852762699127,2,0.5599591472357147
11,4.742491245269775,3.6916812658309937,1.1314198672771454,11,-27.616637573956506,2,0.8339934349060059,0.8339934349060059,5.572472810745239,1,0.15139461836387993
11,5.8480377197265625,4.659410119056702,1.0627218403599479,11,-23.023748963224147,2,0.20293545722961426,0.20293545722961426,2.2285434007644653,1,0.32365512366733906
12,4.979500770568848,3.4878040552139282,1.0664116541544597,12,-23.79090547474651,0,0.0,0.0,0.0,1,-0.0
11,5.738481044769287,5.065502047538757,0.9771722853183746,11,-22.241738346153547,0,0.0,0.0,0.0,1,-0.0
11,4.468679428100586,2.54166841506958,1.2652224789966235,11,-30.03730422660229,2,0.8627414703369141,0.8627414703369141,5.114408016204834,1,0.12737532627927772
10,5.340920448303223,4.385602056980133,1.202855259180069,10,-27.514625150131444,2,0.23839235305786133,0.23839235305786133,6.470270872116089,1,0.34181587645275385
13,3.5596048831939697,2.753190577030182,0.9049316667593442,13,-18.26951533745868,0,0.0,0.0,0.0,1,-0.0
13,4.477398872375488,3.478804290294647,1.025466079895313,13,-24.73402657057315,2,0.6161928176879883,0.6161928176879883,5.379960536956787,1,0.29835769612721963
11,4.8234639167785645,4.132677793502808,0.8432618727286657,12,-16.813302050516747,0,0.0,0.0,0.0,1,-0.0
10,5.96829891204834,5.132874488830566,1.2367958694696426,10,-30.943253876438803,2,0.3411555290222168,0.3411555290222168,6.38355278968811,1,0.36688439023913383
14,3.8652307987213135,3.062871813774109,0.8799181708267757,14,-19.500647685216222,2,0.3669614791870117,0.3669614791870117,5.244886875152588,1,0.367878294831843
12,6.120162010192871,5.452535152435303,0.9385055532822242,13,-24.19238994223376,2,0.16094255447387695,0.16094255447387695,2.438199758529663,1,0.29399501664097816
10,6.8025221824646,5.778144359588623,1.2101474821567535,10,-31.95966566703789,2,0.03314018249511719,0.03314018249511719,1.5860031843185425,1,0.11290889197568874
11,8.057843208312988,7.250493764877319,1.0550024021755566,11,-32.16884688858252,2,0.03527474403381348,0.03527474403381348,1.0479460954666138,1,0.1179794868240257
13,6.501066207885742,5.627479076385498,1.1000266923354223,13,-31.944067452541788,4,0.10052204132080078,0.0,4.000760316848755,2,0.3867648814887414
8,5.571369171142578,5.137340158224106,1.0599871650338173,10,-24.5618873759354,0,0.0,0.0,0.0,1,-0.0
10,5.457651615142822,4.84253191947937,1.244490709900856,10,-30.485290089762344,0,0.0,0.0,0.0,1,-0.0
12,4.753718376159668,3.568010926246643,1.1635059714317322,12,-28.886608483354053,4,0.3724236488342285,0.0,4.645715951919556,2,0.48270513336645865
12,5.190173149108887,4.238083899021149,1.055145690838496,12,-26.066563870399897,0,0.0,0.0,0.0,1,-0.0
11,5.30445671081543,4.227756500244141,1.112677744843743,11,-24.72596356533253,0,0.0,0.0,0.0,1,-0.0
11,4.479938983917236,2.872491717338562,1.149029791355133,11,-25.124147690366062,6,0.20969653129577637,0.18140816688537598,3.6345943212509155,3,0.6144512871239065
11,5.9025654792785645,5.386038243770599,0.8620130146543185,12,-17.807515788329752,0,0.0,0.0,0.0,1,-0.0
10,4.067498683929443,3.1352774500846863,1.051589623093605,10,-20.376878219130933,0,0.0,0.0,0.0,1,-0.0
13,3.8010287284851074,2.4347140789031982,1.0158919233542223,13,-22.575294723531144,4,1.142871379852295,0.7885708808898926,3.389784812927246,2,0.21500224647736543
10,8.07063102722168,6.833400726318359,1.0014444914731113,11,-24.050194397744995,2,0.09722709655761719,0.09722709655761719,8.271600723266602,1,0.22660776118603296
12,6.543306827545166,5.5881980657577515,1.0225788553555806,12,-25.21578247911105,0,0.0,0.0,0.0,1,-0.0
11,6.258938312530518,5.155126690864563,1.229960560798645,11,-32.67215441960706,4,0.3377985954284668,0.0,4.488126754760742,2,0.5601177137043954
12,5.490932941436768,4.752519369125366,0.8630104145178428,13,-19.90046011802079,2,0.28503572940826416,0.28503572940826416,2.0791673064231873,1,0.35775995630046153
13,5.498695373535156,4.765801787376404,1.015959762609922,13,-25.791605888233637,4,0.5179238319396973,0.4940756559371948,2.3628085553646088,2,0.429854038799066
9,4.520293712615967,3.8873337507247925,1.096477848291397,10,-23.685245184906904,0,0.0,0.0,0.0,1,-0.0
11,6.620743274688721,5.6366695165634155,1.2035490762103687,11,-29.843845097439193,2,0.2674136161804199,0.2674136161804199,2.880565643310547,1,0.35270751411344003
12,5.247908115386963,3.8269838094711304,1.1271536896626155,12,-27.17024256575884,2,0.5269317626953125,0.5269317626953125,3.282865047454834,1,0.3375968660007048
10,5.2307915687561035,4.4191195368766785,1.106676609678702,11,-27.291177811645937,2,0.07214927673339844,0.07214927673339844,5.500718593597412,1,0.1896817484392461
13,6.21597957611084,5.323526561260223,1.0125263723043294,13,-26.125538507075245,2,0.023879528045654297,0.023879528045654297,2.2894275188446045,1,0.08918367932731489
15,3.7435474395751953,3.009868860244751,0.8219349543253581,15,-18.578318731136378,4,0.3344426155090332,0.28163468837738037,2.781608372926712,2,0.5216247169235482
8,4.872950553894043,4.439337313175201,1.0206097066402435,10,-22.50643191632007,0,0.0,0.0,0.0,1,-0.0
11,7.034614562988281,5.334732413291931,1.2533514337106184,11,-32.05121704693898,4,0.11601090431213379,0.0,4.656217992305756,2,0.4908806156175036
13,4.135725498199463,3.7453583478927612,0.7698380837837855,15,-17.298545815134055,0,0.0,0.0,0.0,1,-0.0
10,5.921736717224121,4.955184161663055,1.063642369075255,11,-24.85491288403413,0,0.0,0.0,0.0,1,-0.0
11,6.072149276733398,5.12510746717453,1.078857894986868,12,-27.479840712066274,0,0.0,0.0,0.0,1,-0.0
12,4.954108238220215,3.9439477920532227,1.0728831713398297,12,-25.929725154696403,2,0.3080310821533203,0.3080310821533203,3.2429895401000977,1,0.36272341301771055
12,4.142041206359863,3.294455409049988,1.0740949685374896,12,-26.0136893778808,0,0.0,0.0,0.0,1,-0.0
13,4.001003742218018,3.7842410653829575,0.8813399657607078,15,-22.531393321098406,4,0.4290590286254883,0.0,4.291126370429993,2,0.7050014098992317
10,6.194723606109619,4.817958474159241,1.298242563009262,10,-31.751260193150046,2,0.21132755279541016,0.21132755279541016,5.044919013977051,1,0.32847612915352914
7,5.824224472045898,5.60475318133831,1.126615608483553,10,-28.79632317474813,0,0.0,0.0,0.0,1,-0.0
12,5.412745475769043,3.798701047897339,1.161692055563132,12,-29.00407130024621,2,1.389925479888916,1.389925479888916,6.2208921909332275,1,-0.45763315076291966
11,4.461025714874268,3.801814019680023,1.0488169913490613,12,-25.17045964220721,2,0.15771770477294922,0.15771770477294922,6.168093681335449,1,0.291296481721637
13,4.23874568939209,3.527858793735504,0.8935486261661236,13,-19.899328417939074,0,0.0,0.0,0.0,1,-0.0
10,4.706180095672607,3.5317453145980835,1.1101029325615277,11,-26.242712847300833,0,0.0,0.0,0.0,1,-0.0
11,5.213351249694824,3.6642853021621704,1.2625107656825671,11,-32.366259570553396,2,1.0387110710144043,1.0387110710144043,5.640495538711548,1,-0.039450859130126976
12,3.7909131050109863,2.526446580886841,1.0606671671072643,12,-22.94023855384263,4,0.7478039264678955,0.5573177337646484,3.3022541999816895,2,0.5331821888401256
13,3.8373026847839355,2.9315422773361206,1.0343096966926868,13,-24.533972435290018,4,1.924731731414795,1.7128605842590332,4.09516167640686,2,-0.9315117720910939
11,6.882750511169434,6.121946752071381,1.077858028086749,11,-26.565703271002604,0,0.0,0.0,0.0,1,-0.0
11,4.88667106628418,3.482975125312805,1.2862732843919233,11,-31.97913114154671,6,0.7190089225769043,0.0,4.558574875195821,3,0.945039686245328
12,4.127333641052246,3.2964717149734497,1.013711765408516,12,-22.09400669965929,2,0.10288119316101074,0.10288119316101074,3.057862639427185,1,0.23397039507185993
8,4.716908931732178,4.27491357922554,1.0051711648702621,10,-20.957882565409665,0,0.0,0.0,0.0,1,-0.0
11,4.085258483886719,3.101566970348358,1.107461228966713,12,-27.944695166037977,2,0.7141237258911133,0.7141237258911133,4.955362796783447,1,0.24044477719990118
13,4.913546085357666,4.385142803192139,0.8141781677092824,14,-17.86878524825784,0,0.0,0.0,0.0,1,-0.0
9,6.349618911743164,5.859739184379578,0.9413253949447111,11,-22.66438471709354,0,0.0,0.0,0.0,1,-0.0
12,4.225522994995117,3.3040698766708374,0.9687152665395004,13,-22.72720579838802,0,0.0,0.0,0.0,1,-0.0
12,7.5341925621032715,6.606730878353119,1.0414481833577156,12,-26.9576486790844,2,0.10273480415344238,0.10273480415344238,1.7013596296310425,1,0.2337837648671375
12,5.18572998046875,4.468827188014984,0.8930661191160862,13,-20.308648499356522,0,0.0,0.0,0.0,1,-0.0
10,4.909731864929199,3.728285312652588,1.1567579597234725,10,-25.542061223033894,0,0.0,0.0,0.0,1,-0.0
10,4.189450263977051,3.7957696616649628,0.9042768937846025,12,-19.609763024266535,2,0.5078704357147217,0.5078704357147217,2.59406578540802,1,0.3440969035144834
12,4.518399715423584,3.400178909301758,1.1101799681782722,12,-26.335602797293628,0,0.0,0.0,0.0,1,-0.0
11,4.011972904205322,2.799373745918274,1.076205052435398,12,-24.89273757675654,4,0.955355167388916,0.9127926826477051,4.742625117301941,2,0.17799356893625265
10,7.111381530761719,6.726196736097336,1.0606811543305714,12,-29.533596171793825,0,0.0,0.0,0.0,1,-0.0
11,6.253300666809082,4.984026908874512,1.1172339970415288,11,-25.583093416692357,4,0.14601683616638184,0.0,3.921108067035675,2,0.4794668466951205
12,5.382434368133545,4.315052032470703,0.9885719294349352,12,-23.166212110842928,2,0.02890336513519287,0.02890336513519287,1.601740300655365,1,0.1024276657812159
14,5.185013771057129,4.604264736175537,0.8944743365049362,15,-23.729865119166732,2,0.47466230392456055,0.47466230392456055,6.45446515083313,1,0.3536954068795816
11,5.32450532913208,4.501318514347076,1.0240311833719413,12,-25.014717364422488,2,0.08395934104919434,0.08395934104919434,3.854279637336731,1,0.20800277162088593
11,6.946743011474609,5.731847524642944,1.2094442573460666,11,-30.99522116284761,2,0.46314239501953125,0.46314239501953125,4.413326740264893,1,0.3564902992969427
11,6.046261787414551,5.225256681442261,1.1816156181422146,11,-30.26846577002341,0,0.0,0.0,0.0,1,-0.0
10,5.430846214294434,4.802383840084076,1.007350423119285,11,-22.733760184190615,0,0.0,0.0,0.0,1,-0.0
12,5.347839832305908,4.332288980484009,0.9225491533676783,12,-18.684550334864802,0,0.0,0.0,0.0,1,-0.0
11,5.2193474769592285,4.097275495529175,1.0662404813549735,11,-23.30687163577069,0,0.0,0.0,0.0,1,-0.0
10,3.9983267784118652,2.836369514465332,1.0696834095499732,11,-23.694419440712515,0,0.0,0.0,0.0,1,-0.0
11,4.496526718139648,3.115694999694824,1.0897232294082642,11,-24.394333924958037,0,0.0,0.0,0.0,1,-0.0
9,6.18496561050415,5.265515625476837,0.9952346608042717,10,-21.04043130904457,0,0.0,0.0,0.0,1,-0.0
13,3.042808771133423,2.6756561398506165,0.7266964102163911,16,-14.471155763117766,4,0.09564876556396484,0.0453336238861084,3.515559494495392,2,0.3749091470884194
13,3.5817694664001465,2.678909420967102,0.9941618901032668,13,-22.72819515059578,4,0.5720782279968262,0.4047532081604004,2.6566920280456543,2,0.6186405193787743
10,8.147797584533691,7.273246943950653,1.063413136384704,11,-27.1941882471464,0,0.0,0.0,0.0,1,-0.0
10,6.416896343231201,5.500430762767792,1.2222835212945937,10,-29.280616846894116,0,0.0,0.0,0.0,1,-0.0
11,4.790280342102051,3.3578442335128784,1.0928988239981912,11,-23.35069347415281,0,0.0,0.0,0.0,1,-0.0
12,4.798268795013428,3.3924200534820557,1.122365879515807,12,-26.88420322750781,2,0.39699411392211914,0.39699411392211914,2.2382760047912598,1,0.366756590586768
11,4.066380977630615,2.5798048973083496,1.2070035067471592,11,-27.737360479584325,2,0.744598388671875,0.744598388671875,4.322506904602051,1,0.21958972035554283
11,6.9552717208862305,6.233931601047516,0.9747929821411768,12,-24.745265899173813,0,0.0,0.0,0.0,1,-0.0
12,4.248995780944824,3.375992476940155,0.9979902654886246,12,-21.050738391099554,2,0.008480072021484375,0.008480072021484375,4.303145408630371,1,0.04045025157535112
12,4.898388385772705,3.8859386444091797,1.1178464417656262,12,-29.33304847701918,4,0.11003971099853516,0.0,2.996975898742676,2,0.47441824526505055
11,5.138770580291748,3.6361345052719116,0.970972204580903,12,-21.255746938150043,2,0.534226655960083,0.534226655960083,2.7727397680282593,1,0.3349254315726446
11,6.125069618225098,5.477113723754883,0.8331981214384238,12,-18.937371713584866,0,0.0,0.0,0.0,1,-0.0
12,3.4909820556640625,2.520076870918274,0.9256290818254153,12,-18.002855999867958,0,0.0,0.0,0.0,1,-0.0
12,3.2710342407226562,2.069632887840271,0.9980944568912188,12,-20.434689635875113,0,0.0,0.0,0.0,1,-0.0
14,3.8162312507629395,3.1318459510803223,0.9216472740684237,14,-20.902592607774384,2,0.558568000793457,0.558568000793457,2.7711758613586426,1,0.32529822434816036
12,5.956888675689697,5.329346477985382,0.9917482573252457,13,-24.27176229570788,2,0.45574069023132324,0.45574069023132324,3.1567105054855347,1,0.35813529577290676
11,6.002025127410889,5.461505830287933,0.8597592289249102,12,-20.858972909835927,0,0.0,0.0,0.0,1,-0.0
12,5.278865814208984,4.534787237644196,1.0990481774012248,12,-26.950355598565714,2,0.6696009635925293,0.6696009635925293,5.972570180892944,1,0.26855908194610073
13,4.764765739440918,3.7787333726882935,0.9569487548791445,13,-22.839173585402335,2,0.15727853775024414,0.15727853775024414,2.704676389694214,1,0.29092391785909233
13,4.941204071044922,4.503951042890549,0.8054439832766851,15,-18.08297424464036,4,0.18097305297851562,0.02048778533935547,4.256284117698669,2,0.602972952127657
11,5.120171070098877,4.281624794006348,1.133392328565771,11,-27.519044617923882,0,0.0,0.0,0.0,1,-0.0
12,4.816944122314453,3.7766928672790527,1.0765869195262592,12,-25.989451658473342,6,0.456418514251709,0.4111342430114746,4.2392375866572065,3,0.8507220502692714
14,5.159506797790527,4.439386785030365,0.7996697525183359,15,-19.206263963260866,2,0.0740809440612793,0.0740809440612793,2.9741814136505127,1,0.19280283859050076
12,4.549762725830078,3.1434812545776367,1.0417363941669464,12,-23.15665834509916,2,0.3522169589996338,0.3522169589996338,2.5894519090652466,1,0.3675411905637342
10,6.285858631134033,4.989465355873108,1.1838387244127013,11,-30.16184978056193,0,0.0,0.0,0.0,1,-0.0
12,6.549517631530762,5.568285524845123,1.0519925157229106,12,-25.674714954461653,2,0.03724932670593262,0.03724932670593262,3.7323895692825317,1,0.12255480717825866
12,4.733443260192871,3.5950695276260376,0.9411092301209768,12,-18.613173382483726,2,0.00918436050415039,0.00918436050415039,2.687577962875366,1,0.04307697602215997
11,3.82361102104187,2.3748668432235718,1.1103634996847673,11,-23.175854090406258,2,0.25537896156311035,0.25537896156311035,3.027826189994812,1,0.34859399685285836
10,5.592384338378906,4.2019535303115845,1.225167988376184,11,-31.61651002963542,2,0.10173463821411133,0.10173463821411133,3.604738473892212,1,0.2325030644746773
11,7.185354232788086,6.375345051288605,1.0889799784530292,11,-28.647113294568726,0,0.0,0.0,0.0,1,-0.0
10,5.060174942016602,4.024280667304993,1.066694539785385,10,-21.520737385774417,0,0.0,0.0,0.0,1,-0.0
11,4.475060939788818,3.6109344363212585,1.0150559463284232,11,-21.40631872564515,0,0.0,0.0,0.0,1,-0.0
11,4.4461236000061035,2.80439555644989,1.1937871141867205,11,-27.485720349612105,4,0.40074872970581055,0.05135917663574219,5.010396957397461,2,0.7338597137767424
12,3.1066205501556396,2.4323219060897827,0.8788295434071467,13,-17.949836939390746,0,0.0,0.0,0.0,1,-0.0
11,4.278823375701904,2.7872531414031982,1.159947243603793,11,-25.96994616652411,2,0.851691722869873,0.851691722869873,5.498230695724487,1,0.13672262172276348
13,4.63020658493042,3.786964237689972,1.1126387967513158,13,-28.892217060017074,4,1.5629122257232666,0.0,4.299741566181183,2,-0.6839487910036536
9,5.527178764343262,4.449389696121216,1.1506967306137086,10,-26.532340692773715,0,0.0,0.0,0.0,1,-0.0
11,5.088044166564941,4.691793978214264,0.7433178978306907,14,-15.45718739251195,0,0.0,0.0,0.0,1,-0.0
10,6.1917290687561035,6.064752921462059,0.870175048088034,12,-23.369879263384874,0,0.0,0.0,0.0,1,-0.0
11,4.816163063049316,3.199923038482666,1.1393954374573447,11,-24.895845934977544,0,0.0,0.0,0.0,1,-0.0
10,5.81215238571167,5.211775183677673,1.0567202925682069,10,-23.456637458009745,0,0.0,0.0,0.0,1,-0.0
12,3.3688910007476807,2.2402825355529785,0.8245271742343903,13,-15.32781116870979,0,0.0,0.0,0.0,1,-0.0
16,3.7774970531463623,3.1803948879241943,0.8119189906865358,16,-18.69725885425855,2,0.06266546249389648,0.06266546249389648,2.4911413192749023,1,0.1735798731609506
15,3.8531553745269775,2.881161332130432,0.8519992483779788,16,-19.283198430815496,2,0.4924430847167969,0.4924430847167969,4.916649341583252,1,0.34883505407655935
12,3.517526149749756,2.7566452622413635,0.8693682883794491,13,-17.57728134898461,2,0.05972170829772949,0.05972170829772949,3.6669646501541138,1,0.1682993393645946
12,4.596008777618408,3.710977554321289,1.0237343907356262,12,-22.458277314124302,0,0.0,0.0,0.0,1,-0.0
11,6.494476318359375,5.106847763061523,1.089271055026488,11,-24.68630382353547,0,0.0,0.0,0.0,1,-0.0
12,4.762822151184082,3.3510689735412598,1.1756760229667027,12,-29.116544217721,4,0.7583777904510498,0.6561248302459717,3.6783648133277893,2,0.4429152764903446
12,4.7419891357421875,3.84932142496109,1.0648729130625725,12,-25.377554897630194,2,0.3688163757324219,0.3688163757324219,3.1577718257904053,1,0.3678782489661319
13,4.984363079071045,4.345129132270813,0.8035669120458456,13,-16.335664769463936,0,0.0,0.0,0.0,1,-0.0
12,5.881766319274902,4.984907865524292,0.9362560052138108,13,-22.46564744409909,4,0.32132434844970703,0.0,3.421359062194824,2,0.5104386438653199
10,7.2973952293396,6.685493588447571,0.9937053200873461,11,-23.453391082788173,0,0.0,0.0,0.0,1,-0.0
13,6.787292003631592,5.7217937707901,1.0036516074950879,13,-25.992714634099656,2,0.0829312801361084,0.0829312801361084,2.5191890001296997,1,0.20647757113868376
11,5.050117015838623,3.9819964170455933,1.1035026095130227,11,-25.78151548039863,0,0.0,0.0,0.0,1,-0.0
12,5.661778926849365,5.2474358677864075,0.8350710640350978,15,-22.979787069152877,4,0.17612266540527344,0.1047508716583252,3.9972997307777405,2,0.4942611512436927
11,5.024328708648682,3.4049222469329834,1.0890577137470245,11,-23.535416633248474,0,0.0,0.0,0.0,1,-0.0
10,4.137241840362549,3.128121852874756,1.1120537161827087,10,-23.488189891724478,0,0.0,0.0,0.0,1,-0.0
14,5.62196683883667,4.878689169883728,0.8700456342526844,14,-20.26809830204993,0,0.0,0.0,0.0,1,-0.0
11,8.107016563415527,7.121710658073425,1.0439911186695099,11,-25.763500055083362,0,0.0,0.0,0.0,1,-0.0
12,5.106450080871582,4.100953578948975,0.9842844729622205,12,-22.30146248366502,2,0.2249751091003418,0.2249751091003418,6.524871110916138,1,0.3356101080659381
11,5.3624348640441895,4.9618737399578094,0.8303413333801123,13,-19.717495391014427,0,0.0,0.0,0.0,1,-0.0
11,6.118544101715088,4.719041228294373,1.0532110739837994,11,-23.240029625775687,2,0.10298013687133789,0.10298013687133789,2.8758699893951416,1,0.23409641964711947
11,5.708795070648193,4.553316116333008,1.101639910177751,11,-26.26520960448226,0,0.0,0.0,0.0,1,-0.0
10,3.5702030658721924,2.495983600616455,1.0295313537120818,10,-19.48395671357808,0,0.0,0.0,0.0,1,-0.0
9,8.11910629272461,7.119423806667328,1.1040001958608627,10,-28.987172208176332,4,0.04962778091430664,0.0,4.051931619644165,2,0.19759623403601312
11,5.074615001678467,3.6507827043533325,1.1804466437209735,11,-28.430640515144603,2,0.16878938674926758,0.16878938674926758,5.804509401321411,1,0.3002938010353577
11,5.2465434074401855,3.802810311317444,1.2611706961284985,11,-31.30494201620793,4,0.6899027824401855,0.2375648021697998,4.843940198421478,2,0.6149463920210505
11,3.691983461380005,2.1369327306747437,1.1304988102479414,11,-24.253524250474715,2,1.1874580383300781,1.1874580383300781,5.232860565185547,1,-0.20402300814811933
12,4.188404083251953,3.499218165874481,1.0289956281582515,12,-24.946592972056923,2,1.3713431358337402,1.3713431358337402,5.311792612075806,1,-0.433057341284276
10,4.610127925872803,3.248799443244934,1.2042032837867738,10,-26.40941137914428,0,0.0,0.0,0.0,1,-0.0
11,5.206059455871582,3.9226874113082886,1.0302158395449321,12,-24.680627948298746,2,0.09754657745361328,0.09754657745361328,6.556502819061279,1,0.22703237195750045
12,5.173467636108398,4.195435643196106,1.007831757267316,12,-22.408011747264283,2,0.24420809745788574,0.24420809745788574,2.5041431188583374,1,0.3442685944085941
11,5.760442733764648,5.206820607185364,1.0030778187016647,12,-23.513150264218332,0,0.0,0.0,0.0,1,-0.0
12,4.800779342651367,4.02875828742981,1.036875290175279,12,-24.744234262446504,2,0.5083041191101074,0.5083041191101074,5.221059083938599,1,0.3439568680440928
12,4.943265438079834,3.9540849924087524,0.8978495821356773,12,-17.723998581757915,2,0.6613386869430542,0.6613386869430542,1.9672313332557678,1,0.2734563943496568
11,6.1515212059021,5.415166258811951,1.1243423676739137,12,-31.720102631581792,0,0.0,0.0,0.0,1,-0.0
14,3.9145472049713135,3.4429367780685425,0.7732568073552102,16,-17.48368565366639,2,0.0375361442565918,0.0375361442565918,1.2920660972595215,1,0.12321055277607372
10,4.805804252624512,3.699289560317993,1.1267963729121468,11,-27.40699258712952,2,0.041127681732177734,0.041127681732177734,5.347114324569702,1,0.13124147011021234
11,5.111577033996582,3.6424102783203125,1.1235721300948749,11,-25.305412991818883,2,1.2813396453857422,1.2813396453857422,5.8117852210998535,1,-0.31765195099304305
13,6.200760841369629,5.564994990825653,0.8549174276682047,13,-19.525077298170178,0,0.0,0.0,0.0,1,-0.0
10,5.994513511657715,5.726187288761139,0.7125016664465268,15,-20.862785497354857,0,0.0,0.0,0.0,1,-0.0
10,5.377208709716797,5.143974870443344,0.8944384381175041,12,-19.99571644861868,2,0.7476451396942139,0.7476451396942139,3.3505324125289917,1,0.21743526266485552
9,4.355201721191406,3.6905797123908997,1.0727277398109436,10,-23.167568198789006,0,0.0,0.0,0.0,1,-0.0
11,4.474110126495361,3.880359470844269,0.9781364065905412,12,-22.02190134028469,2,0.7689456939697266,0.7689456939697266,5.779623508453369,1,0.2020288937441898
13,4.194744110107422,3.093467116355896,0.8345952240320352,13,-14.90746839511413,0,0.0,0.0,0.0,1,-0.0
12,3.791642189025879,3.2964908182621,0.9071343530501638,14,-21.640333395290327,6,0.8531429767608643,0.0,2.5799373586972556,3,0.42750850076047886
12,5.110515117645264,4.240715324878693,1.0235355645418167,12,-24.691814345367437,2,0.3932361602783203,0.3932361602783203,2.4819490909576416,1,0.36702497672359785
11,3.514767646789551,2.9282124042510986,1.0086601749062538,12,-22.282701322298358,2,0.3419170379638672,0.3419170379638672,6.002701282501221,1,0.36694097154551764
12,4.838382244110107,3.7235924005508423,1.0334804778297741,12,-23.032308380368708,2,0.09070229530334473,0.09070229530334473,2.111141562461853,1,0.21770116526272737
11,6.425560474395752,6.1795337200164795,0.863270909167253,13,-21.875788036688387,0,0.0,0.0,0.0,1,-0.0
12,6.133598804473877,4.864893317222595,1.108803356687228,12,-27.653106824181236,0,0.0,0.0,0.0,1,-0.0
13,4.954717636108398,3.915379285812378,1.0937786446167872,13,-29.181217712326674,0,0.0,0.0,0.0,1,-0.0
13,5.193511486053467,4.664340436458588,0.9394179061055183,14,-24.680966959275505,4,0.3172893524169922,0.3112316131591797,3.7220152616500854,2,0.39516285249195665
14,6.919798374176025,6.363803207874298,0.9417724715811866,14,-26.776234157430153,2,0.29922914505004883,0.29922914505004883,2.3828794956207275,1,0.3610336165403121
11,4.718776702880859,3.3501590490341187,1.076969412240115,11,-23.904551941007682,0,0.0,0.0,0.0,1,-0.0
13,4.7304582595825195,3.964218556880951,0.8222631903795096,13,-16.163632211147046,0,0.0,0.0,0.0,1,-0.0
12,4.72552490234375,3.548036217689514,1.0422000586986542,12,-23.54472294992184,0,0.0,0.0,0.0,1,-0.0
10,4.616377830505371,2.8768280744552612,1.304294115304947,10,-29.402732387379807,0,0.0,0.0,0.0,1,-0.0
12,5.0042548179626465,4.297650516033173,1.0784534787138302,12,-27.845737538159124,0,0.0,0.0,0.0,1,-0.0
10,4.701050281524658,2.9869821071624756,1.211045753955841,10,-26.358229241338655,2,0.8698430061340332,0.8698430061340332,5.797679662704468,1,0.12129311488994808
14,3.8743715286254883,3.2440555691719055,0.9675875348704202,14,-23.77582153719367,4,1.2166900634765625,0.8512468338012695,4.591042757034302,2,0.12923693490799856
11,6.719225883483887,5.6101943254470825,0.9268958433107897,11,-19.27441685453034,0,0.0,0.0,0.0,1,-0.0
9,5.295051574707031,4.000222682952881,1.1613620430231095,10,-26.156335498502028,0,0.0,0.0,0.0,1,-0.0
12,4.562787055969238,3.8193193674087524,1.1013757064938545,12,-27.752274781336748,4,0.17564666271209717,0.0,3.9618490040302277,2,0.4299029836601348
12,4.316214561462402,3.121572732925415,1.0905850976705551,12,-25.22295241767434,2,0.4143538475036621,0.4143538475036621,4.42568039894104,1,0.3650602278860034
12,3.986264705657959,3.1703906059265137,0.9751782168944677,12,-20.383766400741024,0,0.0,0.0,0.0,1,-0.0
10,5.416973114013672,4.097008466720581,1.1712685227394104,10,-26.203737974316653,2,0.9351558685302734,0.9351558685302734,6.8899149894714355,1,0.06269477507088254
13,4.928729057312012,4.0673301219940186,0.8438505870955331,14,-18.68184500482235,2,0.10871303081512451,0.10871303081512451,1.696567952632904,1,0.2412389566166859
12,3.980356216430664,2.717963218688965,1.0787858913342159,12,-24.3186763058767,4,0.01113748550415039,0.0015271902084350586,2.020442396402359,2,0.09472921508610246
11,4.573742389678955,2.6895334720611572,1.1835016824982383,11,-26.647287938543364,4,0.7232403755187988,0.18591642379760742,5.3290098905563354,2,0.5681007262186126
12,4.908185958862305,3.805047631263733,1.0450395718216896,12,-25.18588171629645,4,0.49175333976745605,0.0,5.576996028423309,2,0.6852743494177833
11,8.330565452575684,7.899658560752869,0.7799523174762726,14,-25.79829275618158,0,0.0,0.0,0.0,1,-0.0
11,5.130600452423096,3.7051385641098022,1.065025508403778,12,-25.294347639435962,2,0.6582751274108887,0.6582751274108887,3.715535879135132,1,0.2752460984097242
10,7.7565598487854,6.7431522607803345,1.2889558583498002,10,-36.16466742017642,0,0.0,0.0,0.0,1,-0.0
14,4.0335822105407715,3.5116665959358215,0.9128778239091238,15,-22.623494373455983,0,0.0,0.0,0.0,1,-0.0
12,5.225709438323975,4.33362352848053,1.0157170717914898,12,-23.81258920241404,0,0.0,0.0,0.0,1,-0.0
10,5.68363094329834,4.585936546325684,1.210329924117435,11,-32.477443549355826,6,0.3210306167602539,0.15079164505004883,5.047160506248474,3,0.8744630415008943
10,5.073080062866211,4.440550267696381,0.9796763821081682,11,-20.235892532643692,0,0.0,0.0,0.0,1,-0.0
13,5.157973289489746,4.7448462545871735,0.7747400561968486,15,-17.995512960093354,2,0.8572788238525391,0.8572788238525391,5.682210445404053,1,0.13201413590521763
10,5.7795090675354,4.870623350143433,1.054972541603175,11,-24.396209746428674,0,0.0,0.0,0.0,1,-0.0
13,6.092679977416992,5.190339982509613,1.001575985780129,13,-24.99539144612472,2,0.21195220947265625,0.21195220947265625,4.237476825714111,1,0.3288214827693321
12,4.100865364074707,2.8457794189453125,1.1116257806619008,12,-25.33584076086182,6,0.5313060283660889,0.41309475898742676,4.202310760815938,3,0.8195211692561392
11,4.95102071762085,4.316668093204498,0.9674676532546679,12,-23.39282702681336,2,0.022110462188720703,0.022110462188720703,6.405582666397095,1,0.08427854547461487
11,4.169365882873535,2.3084826469421387,1.1075074808164076,11,-23.27201433609587,4,0.560255765914917,0.0,4.221090257167816,2,0.6820917811521054
11,4.225413799285889,3.20326828956604,0.9071839302778244,12,-17.77901564099934,0,0.0,0.0,0.0,1,-0.0
8,7.785211086273193,7.352434903383255,0.9803534999489785,10,-25.964392434423978,0,0.0,0.0,0.0,1,-0.0
13,4.997433662414551,4.065307974815369,0.9212101010175852,13,-19.96661715808943,2,0.2926661968231201,0.2926661968231201,3.3301464319229126,1,0.3596055641649773
14,4.921466827392578,3.771472215652466,1.047723902123315,14,-28.285466316607923,4,1.0023603439331055,0.7722558975219727,3.96269953250885,2,0.335711377815519
12,4.145699977874756,3.111992359161377,0.9864875500400861,12,-20.258721627858847,2,0.05299186706542969,0.05299186706542969,2.8238632678985596,1,0.15566980038096956
13,5.549822807312012,4.715725839138031,1.0141504246454973,13,-26.97042677419153,4,0.2019648551940918,0.07177901268005371,3.9184004068374634,2,0.588497311536478
12,5.6071600914001465,4.505152583122253,1.0042407189806302,12,-23.154014598581654,0,0.0,0.0,0.0,1,-0.0
10,7.324333667755127,6.647042453289032,1.1136999197981574,11,-29.328569835154838,4,0.3761720657348633,0.32675981521606445,2.4131085872650146,2,0.5163968255170654
10,6.207025527954102,5.039553880691528,1.1322703063488007,11,-27.563260476590735,0,0.0,0.0,0.0,1,-0.0
14,4.296755790710449,3.299181282520294,0.9212950617074966,14,-21.3495296000713,2,0.7272059917449951,0.7272059917449951,3.3293033838272095,1,0.2316481937287154
12,5.455731391906738,4.793441593647003,1.1326066628098488,12,-30.27456355402236,2,0.6063146591186523,0.6063146591186523,4.579565048217773,1,0.30337329158715937
11,5.746533393859863,5.255935370922089,0.9049548478080676,13,-23.347306977789486,4,0.3230631351470947,0.0,4.715084254741669,2,0.3825907249164521
13,4.662790775299072,3.274583578109741,1.0169414235995367,13,-23.814290537163362,2,0.18180108070373535,0.18180108070373535,2.0232115983963013,1,0.30994214570676576
11,3.877650499343872,2.379797101020813,1.2182880640029907,11,-28.930025996182813,2,1.164029836654663,1.164029836654663,4.266831040382385,1,-0.1768021427974944
12,5.686465263366699,4.5676429271698,1.015211063126723,12,-23.64419542486648,0,0.0,0.0,0.0,1,-0.0
11,4.934335708618164,4.016028821468353,0.9739190881902521,11,-19.025129492790953,0,0.0,0.0,0.0,1,-0.0
12,4.886120796203613,4.207603991031647,1.0965883831183116,12,-26.864625917755074,2,0.903010368347168,0.903010368347168,5.367724895477295,1,0.09212624058936007
12,6.012237071990967,5.308896481990814,1.0695710629224777,12,-26.1396658603001,6,1.0800342559814453,0.0,3.9070146878560386,3,0.16796284705153627
13,4.716639518737793,3.9518526196479797,0.8809413941843169,14,-20.49347038613065,4,0.42261695861816406,0.24112284183502197,2.2583979666233063,2,0.6737208820440611
11,5.40237283706665,4.112436413764954,1.1548068631779065,11,-27.870895287130566,2,0.11753380298614502,0.11753380298614502,1.6566959023475647,1,0.25164331604330875
11,3.9676074981689453,2.7125229835510254,1.036119731989774,11,-20.621494057628816,0,0.0,0.0,0.0,1,-0.0
12,5.1136651039123535,3.5703309774398804,1.115582714478175,12,-26.736376297430404,2,0.8257362842559814,0.8257362842559814,2.9308327436447144,1,0.1581118390174712
12,6.549231052398682,5.737385272979736,1.0251443932453792,12,-24.927075803241102,4,0.27793240547180176,0.0,4.663806140422821,2,0.6696260325433112
11,5.707259178161621,4.962241351604462,1.0351798127998004,11,-22.925380832581723,2,0.05894660949707031,0.05894660949707031,3.0517020225524902,1,0.1668851117543651
12,4.2597832679748535,3.356298565864563,1.000542557010284,13,-24.121949544028045,0,0.0,0.0,0.0,1,-0.0
11,5.84963846206665,4.776448965072632,1.1780189898881046,11,-31.24161363355121,4,0.272381067276001,0.0,4.259282827377319,2,0.58842079095704
11,5.049740314483643,4.263180375099182,1.169520838694139,11,-29.15920372686869,0,0.0,0.0,0.0,1,-0.0
12,5.820437908172607,4.665365695953369,1.001600148777167,12,-22.65859399704902,0,0.0,0.0,0.0,1,-0.0
13,3.572505474090576,2.5922159552574158,0.924942821264267,14,-21.406445723609288,2,0.5295591354370117,0.5295591354370117,4.464415550231934,1,0.3366462701110969
11,4.741950035095215,3.409844160079956,0.9530136262377104,12,-20.65356500261104,2,0.09982919692993164,0.09982919692993164,2.1976780891418457,1,0.23003587771493192
12,6.1964874267578125,5.1105029582977295,1.0916466638445854,12,-28.461599908318416,4,0.3228473663330078,0.0,4.712963938713074,2,0.5406702146087083
12,6.655621528625488,6.070325553417206,0.8028088220610068,13,-19.665229485747084,0,0.0,0.0,0.0,1,-0.0
10,5.712893962860107,4.475647568702698,1.2698667228221894,10,-31.437215683284215,2,0.11460065841674805,0.11460065841674805,2.4366824626922607,1,0.24825960441527495
13,4.945352554321289,4.214578688144684,0.9109136851934286,13,-21.612351946899977,0,0.0,0.0,0.0,1,-0.0
13,7.223709583282471,6.818439543247223,0.7398515850305557,15,-19.06491541042598,2,0.46878623962402344,0.46878623962402344,2.2579476833343506,1,0.3551563897908166
10,7.204560279846191,6.604108691215515,1.108426503159783,11,-29.34514695662088,0,0.0,0.0,0.0,1,-0.0
11,4.838079452514648,4.017295598983765,1.0341469564221122,11,-21.679426127670496,0,0.0,0.0,0.0,1,-0.0
10,6.651004314422607,5.756796300411224,1.1335174305872484,11,-29.10958633956111,2,0.15652942657470703,0.15652942657470703,2.270627498626709,1,0.2902855836043385
11,4.204090595245361,2.709818124771118,1.2271703319116072,11,-28.838209231932243,2,0.22299838066101074,0.22299838066101074,4.077570557594299,1,0.3346293114571395
12,6.001702308654785,4.6480395793914795,1.118428627649943,12,-28.375924881227952,4,1.296893835067749,1.1102497577667236,2.5169727206230164,2,-0.02386439324889872
12,3.683046579360962,2.2256394624710083,1.0019943416118622,12,-19.91273196680946,2,0.29068589210510254,0.29068589210510254,3.564705491065979,1,0.3591459088047651
13,4.183842658996582,2.9381234645843506,0.9813744311149304,13,-21.736571158051976,4,0.5188512802124023,0.49193692207336426,3.273976743221283,2,0.43773600625443476
12,4.221419811248779,3.1872884035110474,1.0019419540961583,12,-21.992167843402967,0,0.0,0.0,0.0,1,-0.0
11,6.156801700592041,5.166713356971741,1.1984612562439658,11,-30.629062684844342,2,1.0771803855895996,1.0771803855895996,5.558593988418579,1,-0.08008499352319669
11,5.428594589233398,4.6134055852890015,1.2240548621524463,11,-31.627762978156078,0,0.0,0.0,0.0,1,-0.0
12,8.278188705444336,7.679157137870789,0.893543670574824,12,-24.082113256614306,0,0.0,0.0,0.0,1,-0.0
11,5.384568214416504,4.34904408454895,1.1212260397997769,11,-25.897230438369455,0,0.0,0.0,0.0,1,-0.0
12,3.853302478790283,2.9530452489852905,0.9660509286018518,13,-22.362729508314516,2,0.5193872451782227,0.5193872451782227,5.573785781860352,1,0.34025346000798273
11,5.183450222015381,4.689206302165985,0.8605340512899252,13,-21.647040353293807,0,0.0,0.0,0.0,1,-0.0
11,5.189305782318115,3.6581677198410034,1.2345402240753174,11,-29.996710190882894,2,0.1187138557434082,0.1187138557434082,5.2546069622039795,1,0.2529838866117296
10,4.578476428985596,3.3012315034866333,1.23509441614151,10,-27.73488329735467,2,1.3760590553283691,1.3760590553283691,5.950584173202515,1,-0.43927060358634873
10,5.764141082763672,4.84723687171936,1.2089895486831665,10,-28.347842331893247,2,1.1084966659545898,1.1084966659545898,6.502309799194336,1,-0.11418041358437038
12,4.569152355194092,3.5550566911697388,1.1179252689083417,12,-27.112851901498352,6,0.7973518371582031,0.7150895595550537,3.7837866942087808,3,0.682260463545965
11,5.7294487953186035,4.582062602043152,1.152913128787821,11,-27.882297646269457,2,0.11509037017822266,0.11509037017822266,2.887585401535034,1,0.2488297112581404
11,6.42402458190918,5.600770175457001,0.9936183528466658,11,-23.6021882562424,4,0.2306361198425293,0.1817483901977539,2.3396730422973633,2,0.48587771986622463
13,4.212858200073242,3.032542109489441,1.0909398198127747,13,-27.030957239679825,8,0.6724536418914795,0.43230605125427246,3.413695767521858,4,1.0014593490318195
11,5.662132740020752,4.791706562042236,1.0556856773116372,11,-23.02977401764887,2,0.09240388870239258,0.09240388870239258,2.8866188526153564,1,0.22006782751035697
11,6.3512282371521,4.855936884880066,1.1860324794595891,11,-28.9973252146604,4,0.12834811210632324,0.0,3.760231912136078,2,0.3554988492883029
11,5.58729362487793,4.616024374961853,1.1356994807720184,11,-27.90751150230889,4,0.21234965324401855,0.0,5.116448223590851,2,0.4932990458622659
9,6.451197147369385,6.004765719175339,1.0677810257131404,11,-27.24488225369077,0,0.0,0.0,0.0,1,-0.0
10,5.108715057373047,3.959093451499939,1.2164089219136671,11,-31.145600889017658,4,1.804438591003418,1.1952829360961914,5.6841583251953125,2,-0.7631218405656097
10,7.339414596557617,6.853921681642532,1.0523020438849926,12,-29.652159841165375,2,0.21179556846618652,0.21179556846618652,2.4925161600112915,1,0.32873505389047486
11,4.8404221534729,4.174932658672333,1.1364858800714666,11,-27.629652010288947,0,0.0,0.0,0.0,1,-0.0
11,4.260916233062744,2.8314297199249268,1.2080982571298426,11,-28.672539889281396,2,0.5822734832763672,0.5822734832763672,6.017855167388916,1,0.3149022565154576
10,5.424850940704346,4.065849423408508,1.1903624615885995,11,-29.849222264648372,2,0.48272705078125,0.48272705078125,6.235049724578857,1,0.3515719923256856
9,5.971458911895752,5.492743104696274,0.8719303255731409,11,-18.302834184520762,0,0.0,0.0,0.0,1,-0.0
11,5.186368465423584,4.105523586273193,1.085116134448485,11,-24.253677904417437,2,0.13428616523742676,0.13428616523742676,2.4368337392807007,1,0.26961737144857745
10,4.404898166656494,3.9133813083171844,0.9965450925131639,12,-23.674697783626826,2,0.4337480068206787,0.4337480068206787,4.0400625467300415,1,0.3623060417720835
10,5.01643705368042,3.907842993736267,0.9894694268703461,10,-19.85375541177872,0,0.0,0.0,0.0,1,-0.0
13,4.711439609527588,3.364217162132263,1.053167393574348,13,-24.925381551160292,4,0.0726783275604248,0.07101011276245117,2.94296932220459,2,0.2012115505629752
14,5.5526204109191895,4.842412710189819,0.9468342001949038,14,-24.31401471291759,2,0.09835565090179443,0.09835565090179443,1.8549657464027405,1,0.2281030104391409
12,4.341165542602539,2.8741910457611084,1.1195987810691197,12,-26.131954821826497,4,0.23648643493652344,0.021067380905151367,4.140106976032257,2,0.6716862605347308
13,3.2262330055236816,2.549949049949646,0.884473725089005,14,-19.320883879872177,2,0.28574657440185547,0.28574657440185547,4.10069465637207,1,0.3579404361730711
10,7.4199299812316895,6.620182394981384,1.1330872446298599,10,-27.80873119017967,0,0.0,0.0,0.0,1,-0.0
12,4.768252849578857,3.622463822364807,0.9809750295602359,13,-23.136148787238362,4,0.2529325485229492,0.10885238647460938,4.752617239952087,2,0.6268280942931791
10,7.773623943328857,6.636198878288269,1.1982792347669602,10,-31.063158655162127,0,0.0,0.0,0.0,1,-0.0
11,5.273197650909424,4.481321692466736,0.9668340099354585,12,-21.80557570878087,4,0.07038891315460205,0.0,2.956173688173294,2,0.22168380187110753
10,4.385988712310791,3.6585168838500977,1.040591189265251,10,-20.80234770730677,0,0.0,0.0,0.0,1,-0.0
8,5.5210795402526855,5.068398207426071,0.8989443525671958,10,-19.18287650134077,0,0.0,0.0,0.0,1,-0.0
12,5.629140377044678,4.801525115966797,0.9707996770739555,12,-23.102065693340098,0,0.0,0.0,0.0,1,-0.0
13,5.8705596923828125,5.407279759645462,0.7776407152414322,15,-21.131469109786778,2,0.30359768867492676,0.30359768867492676,1.7545855045318604,1,0.36190418529320695
10,6.137263774871826,4.8126983642578125,1.0164766997098922,10,-20.905648121933346,0,0.0,0.0,0.0,1,-0.0
8,6.298559188842773,6.076784074306488,0.6685074349244435,15,-20.377314838991076,2,0.023425042629241943,0.023425042629241943,0.5350591838359833,1,0.08793643003516438
9,5.641523361206055,4.885980606079102,1.0354057356715203,10,-21.85914064436581,0,0.0,0.0,0.0,1,-0.0
12,4.730082988739014,3.424979090690613,1.057863175868988,12,-23.417012100175537,6,0.5699081420898438,0.0,4.3636791706085205,3,0.5949846654492776
10,5.268479824066162,4.177162170410156,1.0334465408867055,11,-23.72424268598123,0,0.0,0.0,0.0,1,-0.0
12,6.180922508239746,5.486153185367584,0.9711531847715378,12,-23.345829645996993,2,0.11114311218261719,0.11114311218261719,2.395927906036377,1,0.24417437190991073
10,5.631277084350586,4.128542542457581,1.1791891733353788,11,-28.813227413786024,4,0.6083409786224365,0.0,4.590441524982452,2,0.5133408050546645
10,5.284472942352295,4.305763423442841,1.0894972709092228,11,-25.293048683448447,2,0.5712018013000488,0.5712018013000488,5.847882032394409,1,0.31988027113062395
11,5.709777355194092,4.990575969219208,1.125350721180439,12,-30.30132309044933,2,0.006872892379760742,0.006872892379760742,2.0630918741226196,1,0.034228174029338164
10,6.511507034301758,4.919172286987305,1.242793470621109,10,-29.34738585208703,0,0.0,0.0,0.0,1,-0.0
12,5.7410688400268555,4.3415223360061646,1.0659794608751934,12,-25.12261038849819,0,0.0,0.0,0.0,1,-0.0
12,3.3994781970977783,1.9146218299865723,1.0210119187831879,12,-20.80011700917621,2,0.2914581298828125,0.2914581298828125,3.7191712856292725,1,0.35932675521240054
11,4.085639953613281,2.7086681127548218,1.120059690692208,11,-23.704245945857018,2,0.22801780700683594,0.22801780700683594,4.483893394470215,1,0.33708591845486957
11,4.309008598327637,3.480075240135193,1.0958713293075562,11,-24.62162416141321,2,0.6435596942901611,0.6435596942901611,3.691843867301941,1,0.2836428156964303
10,4.82867956161499,3.3851665258407593,1.2441061973571776,10,-28.590220078157337,0,0.0,0.0,0.0,1,-0.0
12,5.6640167236328125,5.156558334827423,0.9091479554772377,13,-22.055996451241512,2,0.026268482208251953,0.026268482208251953,3.5637125968933105,1,0.09560113193611554
10,7.3636250495910645,6.685532867908478,1.1103168387304654,11,-28.56710790238907,0,0.0,0.0,0.0,1,-0.0
11,4.129135608673096,3.06278133392334,1.0762883722782135,11,-22.77492448857528,2,0.11028385162353516,0.11028385162353516,3.820929765701294,1,0.24314256137444437
11,5.174497604370117,3.614631414413452,1.3171913352879612,11,-34.39612747954164,6,0.8592734336853027,0.0,4.850660483042399,3,0.5956737277927362
11,5.034879684448242,3.745406746864319,1.1235594315962358,11,-25.82048679816846,0,0.0,0.0,0.0,1,-0.0
9,6.180699348449707,5.392682492733002,0.9185799516737461,10,-18.87387906970791,0,0.0,0.0,0.0,1,-0.0
11,4.359838485717773,3.1612991094589233,1.0601311136375775,11,-22.106825040421622,0,0.0,0.0,0.0,1,-0.0
12,4.103813648223877,2.8371050357818604,1.0167218039815242,13,-25.50471581684276,4,1.0467114448547363,0.8115923404693604,3.865208327770233,2,0.29258742006463984
12,4.972123146057129,3.841702938079834,1.0414253796140354,12,-23.04723319678362,2,0.35756969451904297,0.35756969451904297,4.346262454986572,1,0.36773360803150495
9,6.06834077835083,5.294361472129822,0.9650745145976544,10,-20.909897515684,0,0.0,0.0,0.0,1,-0.0
14,4.734313011169434,3.8136121034622192,0.9220353237220219,14,-21.37795061843957,4,0.49231529235839844,0.10269927978515625,3.2712435722351074,2,0.716121867698106
11,4.681158542633057,3.7654937505722046,1.120272850448435,11,-25.747260687841752,0,0.0,0.0,0.0,1,-0.0
13,4.7161760330200195,3.9194437861442566,1.0514751237172346,13,-27.47719255856108,2,0.7330303192138672,0.7330303192138672,6.240321159362793,1,0.2276559175082799
11,5.364809989929199,4.359845161437988,1.1448714462193577,11,-29.61667862448141,2,0.31723928451538086,0.31723928451538086,6.341262102127075,1,0.3642220890689355
12,4.721146106719971,3.583311915397644,1.0732875714699428,12,-25.250500564172654,4,0.9796795845031738,0.904395580291748,3.7168209552764893,2,0.21483368575667977
13,3.978639841079712,2.687318205833435,1.0435031491976519,13,-25.361606980401966,2,0.4917111396789551,0.4917111396789551,4.632239103317261,1,0.34904796229685253
13,3.4973998069763184,2.2368608713150024,0.9685771786249601,13,-19.999969821223033,2,0.28641462326049805,0.28641462326049805,2.2448737621307373,1,0.35810843838335105
12,5.077047824859619,3.870482325553894,1.0721441805362701,12,-24.825711387248383,0,0.0,0.0,0.0,1,-0.0
11,4.992278099060059,4.542535156011581,0.8683450336639698,13,-21.20608154796939,2,0.5120306015014648,0.5120306015014648,5.4451904296875,1,0.342738377885813
12,5.528024196624756,4.863481044769287,0.9628341197967529,13,-23.26700955097516,0,0.0,0.0,0.0,1,-0.0
10,6.892701625823975,6.555929481983185,0.8817458618432283,12,-25.51766812988277,0,0.0,0.0,0.0,1,-0.0
11,4.530451774597168,3.064171075820923,1.1715723980556836,11,-26.93235538985479,4,0.38161420822143555,0.1726226806640625,4.366077303886414,2,0.694794383959438
7,5.487975597381592,5.241070583462715,0.8295791298151016,11,-18.548104514973897,0,0.0,0.0,0.0,1,-0.0
12,6.232272148132324,5.222479462623596,1.069252612690131,12,-27.697599212698556,0,0.0,0.0,0.0,1,-0.0
11,5.872120380401611,5.097853243350983,1.0854956669112046,12,-27.947329302465224,2,0.2109236717224121,0.2109236717224121,3.4863638877868652,1,0.32825185312278204
11,4.0138020515441895,2.61357843875885,1.2292035601355813,11,-28.66581522147982,6,0.567716121673584,0.0,4.533458789189656,3,0.9507225658465899
11,3.5235397815704346,1.6572284698486328,1.2080345207994634,11,-26.98605089639752,4,0.6393098831176758,0.6281330585479736,4.287102282047272,2,0.3362331757717235
13,4.617745876312256,3.8051289916038513,0.8367266448644491,13,-16.72698338592139,4,0.3735361099243164,0.0,2.4549912214279175,2,0.5939419244170758
